27.500 7.000 24.000 31.000 39.000 20.500
16.000 26.000 47.000 5.500 8.500 41.500
41.500 6.500 30.500 34.500 22.000 19.500
38.500 17.000 17.000 1.000 46.500 12.000
12.500 14.000 24.500 46.000 1.500 4.000
22.000 43.500 31.500 31.000 11.500 49.000
45.000 10.000 3.000 39.500 16.000 15.000
36.500 45.500 20.500 18.000 0.000 46.500
31.500 48.000 8.500 28.000 15.000 40.500
18.500 28.000 17.500 45.000 34.500 17.500
16.000 27.000 43.500 30.500 40.500 49.500
10.500 38.500 23.500 27.000 49.500 18.000
46.500 3.500 42.500 6.000 33.500 8.000
32.500 26.500 13.500 29.500 49.000 47.000
11.500 3.500 29.500 9.500 37.500 6.500
23.500 34.000 39.500 41.500 40.500 43.000
25.500 24.500 42.000 48.000 35.500 47.000
11.500 49.500 4.500 8.500 27.500 35.000
24.500 39.500 31.000 25.500 3.000 48.000
28.000 8.000 25.500 9.000 5.500 11.500
49.000 0.000 39.000 40.000 37.500 26.500
38.500 15.000 29.000 20.500 43.000 8.500
46.500 20.000 31.000 18.500 46.000 10.000
15.000 43.000 31.500 22.500 35.000 49.500
1.000 31.500 44.500 20.500 47.500 42.000
38.500 5.000 43.500 12.000 1.000 43.000
21.500 8.500 41.000 10.500 26.000 6.000
16.500 32.500 49.000 19.000 9.500 5.000
26.000 8.500 34.000 13.000 30.500 2.500
19.500 47.000 20.000 49.500 24.000 10.000
29.000 39.500 39.500 34.500 35.500 32.000
3.000 6.000 48.500 2.000 8.000 49.000
39.500 0.000 20.000 41.500 24.500 32.500
25.500 6.500 14.500 42.000 31.000 14.500
30.000 17.000 6.000 0.500 6.000 16.000
18.000 46.000 7.500 22.000 41.000 30.000
3.000 5.000 36.000 11.000 31.000 31.000
34.500 49.000 1.500 17.000 8.000 30.500
10.500 12.500 1.000 12.000 46.500 22.500
41.000 9.000 1.000 39.500 25.500 36.500
46.500 28.500 37.500 26.000 38.500 13.500
5.000 30.500 46.500 39.500 37.000 33.500
3.000 22.500 47.000 33.500 34.000 31.500
1.000 27.000 4.000 16.000 43.000 24.500
30.000 26.000 11.000 0.500 9.500 36.500
39.000 35.000 43.500 43.500 19.500 43.000
0.000 33.000 44.500 30.500 14.000 21.000
42.500 18.000 40.500 22.500 24.500 40.000
48.000 15.500 41.000 16.000 44.000 7.500
