13.750 3.500 12.000 15.500 19.500 10.250
8.000 13.000 23.500 2.750 4.250 20.750
20.750 3.250 15.250 17.250 11.000 9.750
19.250 8.500 8.500 0.500 23.250 6.000
6.250 7.000 12.250 23.000 0.750 2.000
11.000 21.750 15.750 15.500 5.750 24.500
22.500 5.000 1.500 19.750 8.000 7.500
18.250 22.750 10.250 9.000 0.000 23.250
15.750 24.000 4.250 14.000 7.500 20.250
9.250 14.000 8.750 22.500 17.250 8.750
8.000 13.500 21.750 15.250 20.250 24.750
5.250 19.250 11.750 13.500 24.750 9.000
23.250 1.750 21.250 3.000 16.750 4.000
16.250 13.250 6.750 14.750 24.500 23.500
5.750 1.750 14.750 4.750 18.750 3.250
11.750 17.000 19.750 20.750 20.250 21.500
12.750 12.250 21.000 24.000 17.750 23.500
5.750 24.750 2.250 4.250 13.750 17.500
12.250 19.750 15.500 12.750 1.500 24.000
14.000 4.000 12.750 4.500 2.750 5.750
24.500 0.000 19.500 20.000 18.750 13.250
19.250 7.500 14.500 10.250 21.500 4.250
23.250 10.000 15.500 9.250 23.000 5.000
7.500 21.500 15.750 11.250 17.500 24.750
0.500 15.750 22.250 10.250 23.750 21.000
19.250 2.500 21.750 6.000 0.500 21.500
10.750 4.250 20.500 5.250 13.000 3.000
8.250 16.250 24.500 9.500 4.750 2.500
13.000 4.250 17.000 6.500 15.250 1.250
9.750 23.500 10.000 24.750 12.000 5.000
14.500 19.750 19.750 17.250 17.750 16.000
1.500 3.000 24.250 1.000 4.000 24.500
19.750 0.000 10.000 20.750 12.250 16.250
12.750 3.250 7.250 21.000 15.500 7.250
15.000 8.500 3.000 0.250 3.000 8.000
9.000 23.000 3.750 11.000 20.500 15.000
1.500 2.500 18.000 5.500 15.500 15.500
17.250 24.500 0.750 8.500 4.000 15.250
5.250 6.250 0.500 6.000 23.250 11.250
20.500 4.500 0.500 19.750 12.750 18.250
23.250 14.250 18.750 13.000 19.250 6.750
2.500 15.250 23.250 19.750 18.500 16.750
1.500 11.250 23.500 16.750 17.000 15.750
0.500 13.500 2.000 8.000 21.500 12.250
15.000 13.000 5.500 0.250 4.750 18.250
19.500 17.500 21.750 21.750 9.750 21.500
0.000 16.500 22.250 15.250 7.000 10.500
21.250 9.000 20.250 11.250 12.250 20.000
24.000 7.750 20.500 8.000 22.000 3.750
