18.333 4.667 16.000 20.667 26.000 13.667
10.667 17.333 31.333 3.667 5.667 27.667
27.667 4.333 20.333 23.000 14.667 13.000
25.667 11.333 11.333 0.667 31.000 8.000
8.333 9.333 16.333 30.667 1.000 2.667
14.667 29.000 21.000 20.667 7.667 32.667
30.000 6.667 2.000 26.333 10.667 10.000
24.333 30.333 13.667 12.000 0.000 31.000
21.000 32.000 5.667 18.667 10.000 27.000
12.333 18.667 11.667 30.000 23.000 11.667
10.667 18.000 29.000 20.333 27.000 33.000
7.000 25.667 15.667 18.000 33.000 12.000
31.000 2.333 28.333 4.000 22.333 5.333
21.667 17.667 9.000 19.667 32.667 31.333
7.667 2.333 19.667 6.333 25.000 4.333
15.667 22.667 26.333 27.667 27.000 28.667
17.000 16.333 28.000 32.000 23.667 31.333
7.667 33.000 3.000 5.667 18.333 23.333
16.333 26.333 20.667 17.000 2.000 32.000
18.667 5.333 17.000 6.000 3.667 7.667
32.667 0.000 26.000 26.667 25.000 17.667
25.667 10.000 19.333 13.667 28.667 5.667
31.000 13.333 20.667 12.333 30.667 6.667
10.000 28.667 21.000 15.000 23.333 33.000
0.667 21.000 29.667 13.667 31.667 28.000
25.667 3.333 29.000 8.000 0.667 28.667
14.333 5.667 27.333 7.000 17.333 4.000
11.000 21.667 32.667 12.667 6.333 3.333
17.333 5.667 22.667 8.667 20.333 1.667
13.000 31.333 13.333 33.000 16.000 6.667
19.333 26.333 26.333 23.000 23.667 21.333
2.000 4.000 32.333 1.333 5.333 32.667
26.333 0.000 13.333 27.667 16.333 21.667
17.000 4.333 9.667 28.000 20.667 9.667
20.000 11.333 4.000 0.333 4.000 10.667
12.000 30.667 5.000 14.667 27.333 20.000
2.000 3.333 24.000 7.333 20.667 20.667
23.000 32.667 1.000 11.333 5.333 20.333
7.000 8.333 0.667 8.000 31.000 15.000
27.333 6.000 0.667 26.333 17.000 24.333
31.000 19.000 25.000 17.333 25.667 9.000
3.333 20.333 31.000 26.333 24.667 22.333
2.000 15.000 31.333 22.333 22.667 21.000
0.667 18.000 2.667 10.667 28.667 16.333
20.000 17.333 7.333 0.333 6.333 24.333
26.000 23.333 29.000 29.000 13.000 28.667
0.000 22.000 29.667 20.333 9.333 14.000
28.333 12.000 27.000 15.000 16.333 26.667
32.000 10.333 27.333 10.667 29.333 5.000
