0.2618296736450225
0.0600947374989631
0.9167482297212348
0.9312282875476978
0.60565218260999
0.7453256160175696
0.2793445630264172
0.8106620629234139
0.13331780453693032
0.660567079897027
0.43890650787572116
0.6628950877633474
0.762528709138393
0.4144113048306738
0.10111556650020814
0.601229454605406
0.34627192980571453
0.568197134883552
0.7411496586954297
0.20677309785642584
0.7630978644976845
0.5937640096016207
0.8553488673495523
0.1720801428995984
0.38624239612932054
0.7571364468683384
0.567021367132852
0.21491030022363755
0.33758511220265364
0.09574487149706179
0.7673726915866289
0.47542489144770206
0.6247903206105929
0.07093625480002697
0.01099690216703253
0.4022952141497742
0.2483826453732998
0.22812884501319275
0.6429320054075606
0.7395161397959849
0.3781055017630336
0.3010859106378424
0.6894082508877342
0.6454278169817714
0.36699175027194186
0.3937337177905762
0.854918032749289
0.2759366972710129
0.3280010822640983
0.6600233660492076
0.4901359754908239
0.29637736743073917
0.9338420301791126
0.5962236136920404
0.6896411026324681
0.08641317377133162
0.33186696167228136
0.3534934329102042
0.2053617475825099
0.2565200429583876
0.09073204865385354
0.2945432443113919
0.8065223409360821
0.07544407585119428
0.7501090947776008
0.5208671443631124
0.013676472889597946
0.6871621978185861
0.7142313637523762
0.3550366349951559
0.8978300996109052
0.2336134753221628
0.003626466285921226
0.9777761939044582
0.2771020221974634
0.16148140343052853
0.25779859534379623
0.9141878153384926
0.4369240617603296
0.9775426155528427
0.7920455960869339
0.2937617526034575
0.19643301032736893
0.3015761714581505
0.7144884095604717
0.6666217637398187
0.010139427412281465
0.30479360409817224
0.5199938277364395
0.13066612901767516
0.5206490864610209
0.97348411535453
0.08073865900574606
0.5937703479631546
0.10462036077221992
0.5268503438277449
0.6559466073793255
0.04065267411129225
0.3205081019630407
0.30144798743471224
