27.5 7 24 31 39 20.5
16 26 47 5.5 8.5 41.5
41.5 6.5 30.5 34.5 22 19.5
38.5 17 17 1 46.5 12
12.5 14 24.5 46 1.5 4
22 43.5 31.5 31 11.5 49
45 10 3 39.5 16 15
36.5 45.5 20.5 18 0 46.5
31.5 48 8.5 28 15 40.5
18.5 28 17.5 45 34.5 17.5
16 27 43.5 30.5 40.5 49.5
10.5 38.5 23.5 27 49.5 18
46.5 3.5 42.5 6 33.5 8
32.5 26.5 13.5 29.5 49 47
11.5 3.5 29.5 9.5 37.5 6.5
23.5 34 39.5 41.5 40.5 43
25.5 24.5 42 48 35.5 47
11.5 49.5 4.5 8.5 27.5 35
24.5 39.5 31 25.5 3 48
28 8 25.5 9 5.5 11.5
49 0 39 40 37.5 26.5
38.5 15 29 20.5 43 8.5
46.5 20 31 18.5 46 10
15 43 31.5 22.5 35 49.5
1 31.5 44.5 20.5 47.5 42
38.5 5 43.5 12 1 43
21.5 8.5 41 10.5 26 6
16.5 32.5 49 19 9.5 5
26 8.5 34 13 30.5 2.5
19.5 47 20 49.5 24 10
29 39.5 39.5 34.5 35.5 32
3 6 48.5 2 8 49
39.5 0 20 41.5 24.5 32.5
25.5 6.5 14.5 42 31 14.5
30 17 6 0.5 6 16
18 46 7.5 22 41 30
3 5 36 11 31 31
34.5 49 1.5 17 8 30.5
10.5 12.5 1 12 46.5 22.5
41 9 1 39.5 25.5 36.5
46.5 28.5 37.5 26 38.5 13.5
5 30.5 46.5 39.5 37 33.5
3 22.5 47 33.5 34 31.5
1 27 4 16 43 24.5
30 26 11 0.5 9.5 36.5
39 35 43.5 43.5 19.5 43
0 33 44.5 30.5 14 21
42.5 18 40.5 22.5 24.5 40
48 15.5 41 16 44 7.5
35 47.5 1.5 26.5 15.5 24
